,state,date,retail_and_recreation,grocery_and_pharmacy,parks,transit_stations,workplaces,residential,cumulated_cases,new_cases
0,California,2020-02-15,6.34,4.5,30.73,5.36,-1.76,-0.6,7,0
1,California,2020-02-16,14.07,7.25,55.51,6.72,-0.69,-1.39,7,0
2,California,2020-02-17,11.57,1.73,60.56,-6.07,-38.47,7.49,7,0
3,California,2020-02-18,2.7,2.35,24.9,3.44,-1.33,-0.06,7,0
4,California,2020-02-19,2.95,1.57,20.98,1.1,-1.53,0.19,7,0
5,California,2020-02-20,4.45,1.86,23.52,2.27,-1.58,-0.02,8,1
6,California,2020-02-21,2.88,0.26,18.34,1.62,-0.6,0.1,9,1
7,California,2020-02-22,4.93,2.5,20.02,-0.31,0.65,-0.3,9,0
8,California,2020-02-23,8.75,4.62,33.67,5.82,1.24,-0.71,9,0
9,California,2020-02-24,2.71,1.02,18.24,0.55,3.84,-0.38,11,2
10,California,2020-02-25,3.98,1.11,26.24,3.32,2.86,-0.81,11,0
11,California,2020-02-26,6.84,3.48,23.91,3.71,1.82,-0.98,26,15
12,California,2020-02-27,7.77,4.23,25.3,5.64,1.75,-0.98,26,0
13,California,2020-02-28,6.43,5.05,17.36,6.83,2.86,-1.08,27,1
14,California,2020-02-29,7.86,5.09,19.27,5.15,2.02,-1.23,28,1
15,California,2020-03-01,10.4,5.75,9.43,5.74,1.28,-0.63,33,5
16,California,2020-03-02,8.0,6.67,15.37,2.08,3.65,-0.81,38,5
17,California,2020-03-03,12.05,11.21,32.71,5.02,2.67,-1.48,45,7
18,California,2020-03-04,7.27,6.86,24.95,1.98,1.61,-0.67,55,10
19,California,2020-03-05,7.93,8.07,22.7,2.61,1.84,-0.65,67,12
20,California,2020-03-06,3.45,4.47,15.13,2.12,1.79,-0.08,81,14
21,California,2020-03-07,2.46,2.75,-4.14,-3.26,0.11,0.77,100,19
22,California,2020-03-08,5.36,3.82,17.32,3.13,0.8,0.15,112,12
23,California,2020-03-09,3.84,5.93,21.23,-1.75,1.81,0.33,172,60
24,California,2020-03-10,3.09,6.28,14.67,-5.05,-0.18,1.25,179,7
25,California,2020-03-11,4.11,9.05,23.65,-5.26,-1.32,1.04,202,23
26,California,2020-03-12,4.07,15.77,18.07,-8.12,-2.54,1.73,252,50
27,California,2020-03-13,0.46,24.61,4.22,-11.23,-3.18,2.62,320,68
28,California,2020-03-14,-10.2,16.21,-26.69,-19.2,-4.78,4.86,381,61
29,California,2020-03-15,-13.86,10.59,-24.25,-18.87,-8.44,5.17,478,97
30,California,2020-03-16,-9.68,22.47,-18.56,-22.4,-19.95,8.66,588,110
31,California,2020-03-17,-19.96,12.0,-5.91,-25.19,-27.47,12.24,732,144
32,California,2020-03-18,-24.11,8.54,-10.43,-28.16,-32.19,14.28,893,161
33,California,2020-03-19,-26.29,7.14,-1.63,-28.86,-34.35,15.22,1067,174
34,California,2020-03-20,-37.27,-2.26,-10.65,-34.49,-38.53,18.27,1283,216
35,California,2020-03-21,-45.36,-12.05,-17.04,-39.0,-29.49,13.85,1544,261
36,California,2020-03-22,-45.3,-16.88,-9.4,-40.62,-33.4,12.46,1851,307
37,California,2020-03-23,-38.66,-15.11,-23.07,-41.84,-41.37,18.27,2239,388
38,California,2020-03-24,-40.79,-15.91,-28.8,-41.95,-44.33,19.93,2645,406
39,California,2020-03-25,-41.48,-16.75,-23.3,-42.16,-45.09,19.87,3184,539
40,California,2020-03-26,-40.11,-14.79,-17.52,-40.89,-45.32,19.87,4061,877
41,California,2020-03-27,-43.3,-15.84,-20.19,-43.22,-43.84,21.0,4916,855
42,California,2020-03-28,-49.09,-20.79,-44.25,-46.84,-34.78,15.97,5567,651
43,California,2020-03-29,-47.86,-21.84,-29.47,-45.74,-37.47,13.77,6322,755
44,California,2020-03-30,-39.41,-17.86,-19.73,-42.56,-43.89,18.13,7422,1100
45,California,2020-03-31,-37.54,-13.0,-12.91,-40.16,-46.56,18.91,8584,1162
46,California,2020-04-01,-35.62,-9.5,-15.98,-39.73,-45.82,18.71,9858,1274
47,California,2020-04-02,-37.29,-9.55,-15.05,-41.29,-46.6,19.6,11190,1332
48,California,2020-04-03,-39.38,-9.47,-20.83,-42.49,-45.21,20.34,12568,1378
49,California,2020-04-04,-50.23,-18.36,-54.38,-49.5,-36.98,16.42,13796,1228
50,California,2020-04-05,-54.16,-24.51,-58.34,-53.55,-41.24,15.14,15202,1406
51,California,2020-04-06,-41.59,-18.51,-39.91,-47.75,-46.96,20.52,16361,1159
52,California,2020-04-07,-40.62,-17.05,-24.55,-42.8,-47.39,20.07,17539,1178
53,California,2020-04-08,-42.27,-18.59,-30.42,-43.45,-48.28,20.53,19043,1504
54,California,2020-04-09,-42.65,-17.05,-35.54,-45.4,-48.98,21.58,20191,1148
55,California,2020-04-10,-42.77,-14.54,-27.64,-45.02,-48.84,22.36,21366,1175
56,California,2020-04-11,-45.78,-11.44,-34.0,-43.98,-36.69,15.28,22421,1055
57,California,2020-04-12,-59.29,-28.78,-34.71,-47.46,-41.25,13.69,23323,902
58,California,2020-04-13,-39.13,-19.52,-23.58,-41.64,-45.07,18.51,24334,1011
59,California,2020-04-14,-37.04,-15.61,-12.88,-37.39,-45.07,18.76,25758,1424
60,California,2020-04-15,-38.87,-11.46,-17.07,-37.95,-45.4,18.56,27107,1349
61,California,2020-04-16,-48.55,-11.15,-20.64,-38.7,-45.09,19.36,28142,1035
62,California,2020-04-17,-52.08,-13.66,-30.62,-41.2,-44.16,20.49,29398,1256
63,California,2020-04-18,-54.14,-13.4,-34.4,-40.33,-32.29,14.59,30829,1431
64,California,2020-04-19,-53.04,-16.0,-20.32,-41.71,-34.25,12.34,31544,715
65,California,2020-04-20,-48.6,-14.57,-27.0,-39.52,-43.21,17.96,33862,2318
66,California,2020-04-21,-47.4,-11.13,-13.47,-37.23,-43.98,18.24,35844,1982
67,California,2020-04-22,-47.79,-11.15,-15.66,-37.02,-44.53,18.47,37573,1729
68,California,2020-04-23,-48.0,-9.93,-13.36,-37.25,-44.79,18.71,39537,1964
69,California,2020-04-24,-49.55,-10.4,-15.3,-37.91,-43.28,19.29,41368,1831
70,California,2020-04-25,-51.55,-9.06,-21.11,-36.72,-31.2,12.95,42590,1222
71,California,2020-04-26,-50.1,-11.05,-8.47,-37.05,-33.33,11.37,43691,1101
72,California,2020-04-27,-44.89,-9.85,-13.27,-35.82,-41.67,16.91,45211,1520
73,California,2020-04-28,-44.17,-7.96,-7.9,-33.41,-43.25,9.58,46570,1359
74,California,2020-04-29,-43.49,-9.09,-14.8,-36.36,-43.54,17.51,48904,2334
75,California,2020-04-30,-41.09,-5.91,-9.74,-34.07,-43.16,17.33,50470,1566
76,California,2020-05-01,-41.35,-3.45,-11.06,-32.36,-41.25,17.62,52318,1848
77,California,2020-05-02,-45.37,-4.09,-20.17,-33.6,-28.31,11.78,53753,1435
78,California,2020-05-03,-43.15,-5.16,-4.22,-31.31,-28.53,10.0,55072,1319
79,California,2020-05-04,-38.15,-4.46,-7.79,-32.18,-39.35,15.09,56333,1261
80,California,2020-05-05,-38.41,0.63,-4.21,-30.6,-40.37,15.61,58848,2515
81,California,2020-05-06,-39.89,-4.15,-7.17,-32.32,-41.05,16.11,60787,1939
82,California,2020-05-07,-39.55,-1.48,-4.26,-30.95,-41.19,16.09,62483,1696
83,California,2020-05-08,-40.65,-0.7,-8.24,-32.31,-39.44,16.58,64618,2135
84,California,2020-05-09,-40.69,9.84,-9.0,-30.05,-25.55,9.68,66825,2207
85,California,2020-05-10,-40.75,8.26,-8.26,-27.54,-24.73,7.41,68051,1226
86,California,2020-05-11,-40.45,-9.33,-19.12,-33.36,-38.53,15.33,69513,1462
87,California,2020-05-12,-40.52,-5.7,-15.07,-32.05,-39.32,16.0,71150,1637
88,California,2020-05-13,-38.94,-5.67,-12.36,-33.5,-39.4,16.04,73218,2068
89,California,2020-05-14,-38.43,-3.73,-10.1,-33.52,-40.05,15.89,74947,1729
90,California,2020-05-15,-39.64,-4.42,1.24,-31.91,-38.0,15.76,77015,2068
91,California,2020-05-16,-39.89,-2.35,-2.44,-31.12,-23.85,9.76,78933,1918
92,California,2020-05-17,-40.48,-8.09,-13.71,-32.87,-25.91,9.84,80366,1433
93,California,2020-05-18,-36.14,-6.51,-19.2,-34.07,-36.98,15.56,81943,1577
94,California,2020-05-19,-34.24,-2.63,-1.63,-30.36,-37.21,14.8,83981,2038
95,California,2020-05-20,-32.79,-1.12,4.0,-29.82,-37.16,14.61,86125,2144
96,California,2020-05-21,-32.25,2.1,8.34,-27.34,-37.81,14.37,88488,2363
97,California,2020-05-22,-33.15,1.19,9.44,-25.73,-36.75,14.47,90801,2313
98,California,2020-05-23,-33.32,3.34,16.23,-24.17,-20.96,7.95,92815,2014
99,California,2020-05-24,-29.48,3.5,45.16,-21.51,-23.04,6.36,94743,1928
100,California,2020-05-25,-33.53,-0.18,51.66,-34.11,-66.35,19.16,97017,2274
101,California,2020-05-26,-30.21,0.47,8.32,-27.5,-35.33,13.39,99925,2908
102,California,2020-05-27,-30.44,-0.1,6.29,-28.3,-35.35,13.76,101874,1949
103,California,2020-05-28,-29.79,1.08,8.02,-27.23,-35.18,13.78,104071,2197
104,California,2020-05-29,-33.45,-2.29,6.16,-27.45,-33.02,14.11,107043,2972
105,Illinois,2020-02-15,6.33,3.07,15.2,2.1,1.4,-0.8,2,0
106,Illinois,2020-02-16,9.88,4.0,21.65,2.67,2.02,-1.22,2,0
107,Illinois,2020-02-17,-0.48,-3.96,-11.76,-4.53,-20.92,5.33,2,0
108,Illinois,2020-02-18,0.49,-1.51,4.29,1.77,1.35,0.27,2,0
109,Illinois,2020-02-19,2.42,-2.32,3.0,2.84,1.76,0.06,2,0
110,Illinois,2020-02-20,1.45,-0.75,0.65,1.9,1.79,0.06,2,0
111,Illinois,2020-02-21,4.89,-1.03,8.17,3.88,3.45,-0.86,2,0
112,Illinois,2020-02-22,15.4,8.59,64.07,7.65,5.36,-2.54,2,0
113,Illinois,2020-02-23,15.16,10.74,95.24,4.6,4.28,-1.83,2,0
114,Illinois,2020-02-24,1.84,3.72,-6.24,-1.16,2.72,0.45,2,0
115,Illinois,2020-02-25,1.04,-0.76,-8.88,-2.19,1.36,1.1,2,0
116,Illinois,2020-02-26,3.87,-2.1,-6.89,0.5,-1.48,1.39,2,0
117,Illinois,2020-02-27,10.35,6.49,2.94,4.61,2.67,-0.57,2,0
118,Illinois,2020-02-28,10.58,3.3,6.47,5.73,3.2,-1.27,2,0
119,Illinois,2020-02-29,21.06,15.48,36.18,10.42,4.25,-3.33,3,1
120,Illinois,2020-03-01,26.64,19.55,126.23,13.72,5.14,-2.83,3,0
121,Illinois,2020-03-02,11.09,8.42,21.19,2.97,0.81,-0.16,4,1
122,Illinois,2020-03-03,14.47,12.46,25.38,4.06,2.12,-0.88,4,0
123,Illinois,2020-03-04,14.67,10.13,32.69,6.48,2.51,-1.08,4,0
124,Illinois,2020-03-05,11.12,9.58,28.25,3.71,2.6,-0.92,5,1
125,Illinois,2020-03-06,10.62,3.52,27.29,9.52,3.11,-1.26,6,1
126,Illinois,2020-03-07,22.08,16.69,93.08,15.27,5.14,-3.16,6,0
127,Illinois,2020-03-08,23.58,17.03,169.31,15.9,3.05,-2.39,7,1
128,Illinois,2020-03-09,3.49,3.16,-7.76,0.39,0.19,1.26,11,4
129,Illinois,2020-03-10,8.73,9.63,16.71,2.9,-0.51,0.24,19,8
130,Illinois,2020-03-11,10.87,11.78,18.88,4.65,-0.12,-0.08,25,6
131,Illinois,2020-03-12,9.17,30.8,12.88,1.26,-0.27,0.5,32,7
132,Illinois,2020-03-13,12.07,39.33,25.38,4.71,-0.59,-0.3,46,14
133,Illinois,2020-03-14,1.45,31.62,-9.8,-1.73,1.57,2.68,66,20
134,Illinois,2020-03-15,5.41,39.61,20.5,-0.28,-1.52,2.7,94,28
135,Illinois,2020-03-16,-0.51,40.74,-17.28,-8.74,-8.87,5.66,104,10
136,Illinois,2020-03-17,-22.31,24.06,48.38,-8.42,-21.09,8.96,159,55
137,Illinois,2020-03-18,-30.71,14.57,-28.0,-13.61,-24.36,12.49,286,127
138,Illinois,2020-03-19,-33.09,18.05,-20.78,-17.97,-25.8,13.73,420,134
139,Illinois,2020-03-20,-29.84,34.97,-17.42,-17.03,-26.57,13.86,583,163
140,Illinois,2020-03-21,-42.89,12.77,-6.65,-19.69,-18.09,11.36,751,168
141,Illinois,2020-03-22,-58.01,-26.99,-40.05,-34.71,-30.72,12.81,1047,296
142,Illinois,2020-03-23,-43.65,-13.11,-25.53,-28.61,-36.8,17.67,1285,238
143,Illinois,2020-03-24,-43.59,-12.26,-10.06,-27.59,-38.82,18.67,1591,306
144,Illinois,2020-03-25,-37.93,-8.61,40.62,-25.0,-38.73,17.54,1932,341
145,Illinois,2020-03-26,-39.4,-7.36,-10.33,-28.19,-38.82,18.54,2596,664
146,Illinois,2020-03-27,-41.14,-8.41,-3.83,-30.5,-38.13,19.58,3087,491
147,Illinois,2020-03-28,-45.99,-10.22,-15.26,-32.56,-26.14,13.91,3602,515
148,Illinois,2020-03-29,-41.69,-13.63,-12.44,-34.9,-30.88,12.0,4673,1071
149,Illinois,2020-03-30,-32.02,-7.01,24.07,-27.5,-37.52,16.05,5125,452
150,Illinois,2020-03-31,-37.88,-8.77,-14.24,-27.75,-39.65,18.05,6044,919
151,Illinois,2020-04-01,-32.07,1.04,31.0,-24.47,-39.78,16.95,7020,976
152,Illinois,2020-04-02,-36.51,-0.96,38.12,-26.88,-40.05,17.67,7695,675
153,Illinois,2020-04-03,-36.07,0.67,33.41,-28.36,-39.8,18.76,8904,1209
154,Illinois,2020-04-04,-44.84,2.4,-5.32,-31.27,-27.38,13.59,10358,1454
155,Illinois,2020-04-05,-40.58,-5.51,38.82,-33.16,-31.68,10.76,11277,919
156,Illinois,2020-04-06,-39.79,-9.82,16.06,-29.41,-39.37,16.74,12262,985
157,Illinois,2020-04-07,-36.45,-5.57,50.57,-25.26,-41.32,16.75,13549,1287
158,Illinois,2020-04-08,-38.48,-8.46,18.12,-27.06,-41.81,17.58,15078,1529
159,Illinois,2020-04-09,-39.12,-2.28,-10.61,-31.44,-42.09,18.74,16432,1354
160,Illinois,2020-04-10,-36.9,1.4,20.24,-31.67,-48.76,21.17,17892,1460
161,Illinois,2020-04-11,-38.85,5.32,27.44,-32.56,-28.67,12.77,19183,1291
162,Illinois,2020-04-12,-61.71,-35.16,6.71,-41.55,-38.17,11.74,20855,1672
163,Illinois,2020-04-13,-39.14,-13.77,-19.11,-31.88,-40.3,18.05,22028,1173
164,Illinois,2020-04-14,-37.6,-11.45,-12.22,-28.09,-39.96,18.27,23247,1219
165,Illinois,2020-04-15,-29.65,-5.29,-16.0,-25.85,-39.78,18.1,24604,1357
166,Illinois,2020-04-16,-31.59,-1.77,-2.12,-28.82,-39.0,18.1,25738,1134
167,Illinois,2020-04-17,-38.63,-13.47,-27.05,-32.51,-39.94,21.17,27575,1837
168,Illinois,2020-04-18,-32.36,-1.87,47.82,-24.31,-23.62,11.41,29160,1585
169,Illinois,2020-04-19,-32.57,-10.87,65.44,-29.74,-28.36,9.52,30357,1197
170,Illinois,2020-04-20,-28.41,-8.19,33.94,-25.66,-37.68,15.59,31508,1151
171,Illinois,2020-04-21,-28.8,-5.0,22.6,-25.16,-39.27,16.69,33059,1551
172,Illinois,2020-04-22,-30.32,-6.13,20.75,-22.36,-39.48,16.76,35071,2012
173,Illinois,2020-04-23,-33.51,-4.65,1.19,-28.55,-39.09,18.13,36934,1863
174,Illinois,2020-04-24,-33.24,-8.29,6.0,-28.63,-37.93,18.62,39658,2724
175,Illinois,2020-04-25,-37.9,-8.06,-28.35,-29.69,-25.81,13.59,41777,2119
176,Illinois,2020-04-26,-28.05,-4.72,86.88,-22.53,-27.65,8.62,43903,2126
177,Illinois,2020-04-27,-26.57,-5.39,15.27,-22.38,-36.55,15.56,45883,1980
178,Illinois,2020-04-28,-26.52,-3.19,28.8,-21.61,-38.41,10.31,48102,2219
179,Illinois,2020-04-29,-30.95,-6.16,-34.81,-26.18,-38.9,18.41,50355,2253
180,Illinois,2020-04-30,-23.56,5.52,22.18,-22.25,-37.47,16.24,52918,2563
181,Illinois,2020-05-01,-23.94,-0.54,54.31,-19.33,-36.53,15.35,56055,3137
182,Illinois,2020-05-02,-24.81,3.71,102.92,-12.97,-21.44,7.7,58505,2450
183,Illinois,2020-05-03,-24.46,-2.79,86.35,-20.43,-25.21,7.57,61499,2994
184,Illinois,2020-05-04,-24.14,-1.71,11.24,-22.84,-35.1,14.24,63840,2341
185,Illinois,2020-05-05,-25.58,1.45,-15.74,-24.16,-36.64,16.88,65889,2049
186,Illinois,2020-05-06,-22.82,3.19,47.67,-17.13,-35.8,14.84,68164,2275
187,Illinois,2020-05-07,-23.71,4.71,64.87,-18.87,-35.67,14.6,70802,2638
188,Illinois,2020-05-08,-26.65,2.41,23.88,-19.5,-35.4,16.4,73688,2886
189,Illinois,2020-05-09,-22.09,20.1,81.08,-13.23,-18.2,7.52,76008,2320
190,Illinois,2020-05-10,-28.16,5.57,-13.94,-24.03,-23.14,7.59,77662,1654
191,Illinois,2020-05-11,-28.16,-5.97,16.2,-20.52,-34.13,14.21,79123,1461
192,Illinois,2020-05-12,-25.12,-1.58,45.0,-17.26,-34.92,14.23,83168,4045
193,Illinois,2020-05-13,-24.65,-0.77,33.07,-17.78,-34.84,14.98,84874,1706
194,Illinois,2020-05-14,-26.88,1.31,13.5,-22.87,-34.39,15.74,88081,3207
195,Illinois,2020-05-15,-26.11,0.15,65.56,-20.03,-33.79,14.85,90528,2447
196,Illinois,2020-05-16,-26.07,6.26,86.21,-13.52,-17.23,7.87,92669,2141
197,Illinois,2020-05-17,-31.52,-6.35,-21.41,-26.74,-23.6,9.67,94360,1691
198,Illinois,2020-05-18,-22.44,0.62,16.6,-20.23,-31.57,13.63,96778,2418
199,Illinois,2020-05-19,-24.78,0.19,3.67,-19.9,-32.81,14.84,98298,1520
200,Illinois,2020-05-20,-20.65,4.23,46.13,-14.74,-32.64,13.63,100713,2415
201,Illinois,2020-05-21,-20.51,6.4,56.6,-14.03,-32.56,13.19,102995,2282
202,Illinois,2020-05-22,-22.36,4.61,81.43,-10.0,-33.28,12.4,105710,2715
203,Illinois,2020-05-23,-24.48,10.86,74.58,-10.53,-16.79,6.65,108100,2390
204,Illinois,2020-05-24,-15.94,12.72,125.46,-15.55,-21.72,3.82,110541,2441
205,Illinois,2020-05-25,-24.9,-1.56,76.15,-29.59,-70.92,21.32,112248,1707
206,Illinois,2020-05-26,-19.78,3.16,47.62,-19.29,-31.21,12.47,113486,1238
207,Illinois,2020-05-27,-20.51,2.2,41.67,-15.23,-31.0,13.0,114612,1126
208,Illinois,2020-05-28,-20.12,6.02,33.07,-15.73,-29.6,13.21,116128,1516
209,Illinois,2020-05-29,-15.31,2.28,86.79,-9.19,-28.08,10.81,117794,1666
210,Massachusetts,2020-02-15,4.6,-3.0,1.91,6.0,-1.07,-0.33,1,0
211,Massachusetts,2020-02-16,7.38,-3.6,5.17,2.73,0.62,-0.67,1,0
212,Massachusetts,2020-02-17,12.4,0.0,41.5,-18.91,-37.27,8.23,1,0
213,Massachusetts,2020-02-18,-2.47,-7.47,-19.08,-4.23,-7.93,3.15,1,0
214,Massachusetts,2020-02-19,3.07,-1.67,4.83,-3.25,-7.67,1.92,1,0
215,Massachusetts,2020-02-20,4.67,-1.6,0.27,-0.5,-6.87,1.85,1,0
216,Massachusetts,2020-02-21,2.13,-4.33,-6.67,-0.69,-7.93,2.85,1,0
217,Massachusetts,2020-02-22,6.73,-1.4,54.5,6.45,2.36,-1.08,1,0
218,Massachusetts,2020-02-23,8.21,0.0,71.42,10.36,3.23,-1.08,1,0
219,Massachusetts,2020-02-24,5.07,0.33,57.3,4.36,2.33,-0.92,1,0
220,Massachusetts,2020-02-25,0.6,-3.33,11.18,1.25,0.53,0.0,1,0
221,Massachusetts,2020-02-26,2.73,-0.93,-0.92,1.08,0.0,-0.31,1,0
222,Massachusetts,2020-02-27,0.93,0.07,-4.0,1.5,0.13,0.08,1,0
223,Massachusetts,2020-02-28,3.47,1.2,-4.67,5.85,1.07,-0.08,1,0
224,Massachusetts,2020-02-29,7.13,-0.73,21.64,9.91,1.57,-1.17,1,0
225,Massachusetts,2020-03-01,9.79,4.6,-0.92,10.18,3.46,-0.75,1,0
226,Massachusetts,2020-03-02,7.93,5.6,23.0,1.83,4.2,-0.54,2,1
227,Massachusetts,2020-03-03,11.67,6.73,49.45,7.17,2.07,-0.92,2,0
228,Massachusetts,2020-03-04,5.87,3.87,5.91,-0.58,2.73,-0.23,2,0
229,Massachusetts,2020-03-05,7.87,6.47,32.27,3.42,4.4,-0.77,3,1
230,Massachusetts,2020-03-06,1.73,3.4,2.58,0.92,3.2,0.62,8,5
231,Massachusetts,2020-03-07,4.73,1.8,23.27,1.27,1.93,-0.58,13,5
232,Massachusetts,2020-03-08,9.5,5.93,54.25,5.73,2.0,-0.75,28,15
233,Massachusetts,2020-03-09,11.4,8.5,112.6,2.27,2.53,-0.62,41,13
234,Massachusetts,2020-03-10,5.93,8.07,33.55,-1.83,1.67,0.46,92,51
235,Massachusetts,2020-03-11,7.07,13.47,26.36,-5.92,0.2,0.77,95,3
236,Massachusetts,2020-03-12,5.87,30.07,18.55,-9.42,-0.87,2.08,108,13
237,Massachusetts,2020-03-13,-3.67,30.79,-14.0,-16.85,-8.6,6.38,123,15
238,Massachusetts,2020-03-14,-7.6,17.47,71.7,-9.36,-2.57,3.58,138,15
239,Massachusetts,2020-03-15,-12.93,6.27,55.58,-14.18,-7.38,4.5,164,26
240,Massachusetts,2020-03-16,-8.33,18.14,15.9,-27.54,-24.4,10.38,197,33
241,Massachusetts,2020-03-17,-31.8,0.87,-14.36,-36.79,-34.87,15.92,218,21
242,Massachusetts,2020-03-18,-29.67,1.93,68.5,-36.08,-36.33,15.62,256,38
243,Massachusetts,2020-03-19,-39.73,-2.27,-28.27,-45.08,-39.53,19.31,328,72
244,Massachusetts,2020-03-20,-34.33,11.33,26.73,-41.36,-38.8,19.15,413,85
245,Massachusetts,2020-03-21,-43.13,-3.8,91.5,-36.5,-27.64,11.67,525,112
246,Massachusetts,2020-03-22,-47.07,-16.33,40.25,-44.92,-31.85,11.17,646,121
247,Massachusetts,2020-03-23,-41.2,-11.8,-26.91,-53.38,-46.27,19.69,777,131
248,Massachusetts,2020-03-24,-49.5,-21.0,10.73,-54.0,-52.4,22.46,1159,382
249,Massachusetts,2020-03-25,-52.79,-24.8,-11.0,-58.64,-54.87,23.69,1838,679
250,Massachusetts,2020-03-26,-48.29,-18.2,64.0,-53.21,-54.2,22.62,2417,579
251,Massachusetts,2020-03-27,-48.36,-19.13,69.91,-53.43,-53.2,24.0,3240,823
252,Massachusetts,2020-03-28,-53.79,-23.47,78.0,-50.38,-40.53,14.92,4257,1017
253,Massachusetts,2020-03-29,-58.38,-35.93,-48.92,-64.67,-40.77,14.82,4955,698
254,Massachusetts,2020-03-30,-48.93,-23.33,-17.09,-58.79,-54.53,22.46,5752,797
255,Massachusetts,2020-03-31,-47.07,-20.53,23.9,-55.0,-55.4,22.92,6620,868
256,Massachusetts,2020-04-01,-46.86,-16.33,6.3,-55.57,-55.93,22.92,7817,1197
257,Massachusetts,2020-04-02,-50.36,-17.93,-17.55,-58.71,-56.53,24.85,8966,1149
258,Massachusetts,2020-04-03,-55.21,-23.07,-42.0,-62.69,-57.2,27.85,10402,1436
259,Massachusetts,2020-04-04,-54.21,-19.93,39.5,-50.85,-43.0,15.58,11736,1334
260,Massachusetts,2020-04-05,-51.85,-28.0,42.08,-53.42,-40.31,13.09,12500,764
261,Massachusetts,2020-04-06,-41.46,-17.62,73.6,-50.93,-55.33,21.46,13837,1337
262,Massachusetts,2020-04-07,-44.0,-18.54,66.1,-53.21,-56.87,22.85,15202,1365
263,Massachusetts,2020-04-08,-48.77,-20.08,-3.9,-60.07,-57.33,24.38,16790,1588
264,Massachusetts,2020-04-09,-52.46,-22.62,-30.08,-62.07,-57.8,26.0,18941,2151
265,Massachusetts,2020-04-10,-48.77,-14.46,-10.58,-60.57,-57.93,27.08,20974,2033
266,Massachusetts,2020-04-11,-47.54,-9.15,50.6,-49.0,-43.2,15.17,22860,1886
267,Massachusetts,2020-04-12,-66.31,-51.85,39.25,-59.8,-46.54,13.73,25475,2615
268,Massachusetts,2020-04-13,-56.31,-38.46,-46.75,-65.69,-57.87,25.62,26867,1392
269,Massachusetts,2020-04-14,-42.08,-17.46,49.7,-53.14,-55.33,22.31,28163,1296
270,Massachusetts,2020-04-15,-42.31,-18.62,16.0,-56.0,-55.87,23.38,29918,1755
271,Massachusetts,2020-04-16,-44.62,-18.15,10.0,-56.5,-55.2,24.08,32181,2263
272,Massachusetts,2020-04-17,-46.08,-19.15,14.08,-57.07,-54.07,25.31,34402,2221
273,Massachusetts,2020-04-18,-57.92,-31.08,-32.17,-60.92,-44.0,18.0,36372,1970
274,Massachusetts,2020-04-19,-42.62,-23.23,84.27,-49.8,-37.69,11.5,38077,1705
275,Massachusetts,2020-04-20,-41.54,-22.23,22.3,-57.64,-58.53,22.85,39643,1566
276,Massachusetts,2020-04-21,-46.85,-26.38,-13.91,-58.79,-55.33,24.31,41199,1556
277,Massachusetts,2020-04-22,-44.31,-21.62,-0.25,-57.36,-54.73,23.77,42944,1745
278,Massachusetts,2020-04-23,-42.0,-17.77,42.1,-53.36,-53.33,22.77,46023,3079
279,Massachusetts,2020-04-24,-49.46,-25.31,-33.08,-61.5,-54.33,27.0,50969,4946
280,Massachusetts,2020-04-25,-42.69,-19.92,133.44,-41.8,-37.86,12.42,53348,2379
281,Massachusetts,2020-04-26,-51.77,-30.69,-27.58,-63.9,-40.08,13.91,54938,1590
282,Massachusetts,2020-04-27,-46.08,-26.54,-34.17,-59.93,-53.0,23.46,56462,1524
283,Massachusetts,2020-04-28,-38.69,-18.0,26.5,-51.5,-52.6,16.15,58302,1840
284,Massachusetts,2020-04-29,-37.77,-18.15,55.5,-49.79,-52.2,21.38,60265,1963
285,Massachusetts,2020-04-30,-44.23,-17.08,-10.42,-54.29,-52.27,23.85,62205,1940
286,Massachusetts,2020-05-01,-42.77,-15.69,2.5,-54.36,-51.8,24.77,64311,2106
287,Massachusetts,2020-05-02,-37.69,-12.69,133.7,-37.9,-34.5,11.5,66263,1952
288,Massachusetts,2020-05-03,-32.77,-14.38,113.91,-41.9,-32.46,9.08,68087,1824
289,Massachusetts,2020-05-04,-32.46,-13.92,45.9,-46.71,-48.8,19.62,69087,1000
290,Massachusetts,2020-05-05,-31.38,-9.85,52.0,-46.77,-49.4,20.08,70271,1184
291,Massachusetts,2020-05-06,-37.0,-13.92,30.0,-47.93,-49.47,21.15,72025,1754
292,Massachusetts,2020-05-07,-35.38,-9.23,62.2,-47.62,-48.93,20.85,73721,1696
293,Massachusetts,2020-05-08,-39.62,-10.85,16.18,-48.64,-48.4,22.69,75333,1612
294,Massachusetts,2020-05-09,-42.46,-7.54,4.25,-46.38,-33.5,13.83,76743,1410
295,Massachusetts,2020-05-10,-34.54,-10.92,44.42,-39.83,-29.69,9.25,77793,1050
296,Massachusetts,2020-05-11,-39.15,-21.31,13.27,-50.93,-47.73,20.46,78462,669
297,Massachusetts,2020-05-12,-34.31,-13.62,46.6,-46.46,-47.07,20.0,79332,870
298,Massachusetts,2020-05-13,-32.62,-11.77,60.9,-42.43,-47.2,19.62,80497,1165
299,Massachusetts,2020-05-14,-31.69,-9.62,102.9,-41.31,-46.8,18.92,82182,1685
300,Massachusetts,2020-05-15,-36.85,-13.62,51.91,-42.43,-46.2,21.46,83421,1239
301,Massachusetts,2020-05-16,-34.54,-13.23,136.2,-26.67,-29.43,9.92,84933,1512
302,Massachusetts,2020-05-17,-33.38,-17.62,79.83,-31.58,-27.54,8.83,86010,1077
303,Massachusetts,2020-05-18,-30.46,-14.85,40.7,-44.31,-44.27,18.62,87052,1042
304,Massachusetts,2020-05-19,-27.69,-10.77,63.1,-42.15,-44.47,18.54,87925,873
305,Massachusetts,2020-05-20,-26.92,-9.54,79.5,-38.64,-44.73,18.15,88970,1045
306,Massachusetts,2020-05-21,-25.69,-4.92,108.2,-36.23,-44.27,17.54,90084,1114
307,Massachusetts,2020-05-22,-28.62,-5.31,117.9,-33.07,-42.87,18.0,90889,805
308,Massachusetts,2020-05-23,-36.08,-11.77,61.5,-31.67,-27.36,10.67,91662,773
309,Massachusetts,2020-05-24,-25.92,-10.46,117.73,-27.5,-24.38,6.33,92675,1013
310,Massachusetts,2020-05-25,-30.62,-17.77,113.2,-48.23,-70.27,22.83,93271,596
311,Massachusetts,2020-05-26,-25.23,-10.54,101.3,-37.46,-41.4,16.54,93693,422
312,Massachusetts,2020-05-27,-23.92,-8.69,109.3,-37.08,-41.47,16.54,94220,527
313,Massachusetts,2020-05-28,-25.92,-5.23,81.5,-37.23,-41.07,17.38,94895,675
314,Massachusetts,2020-05-29,-30.85,-9.77,54.4,-36.36,-40.27,18.77,95512,617
315,New Jersey,2020-03-04,8.45,6.73,35.5,4.2,2.18,-0.73,1,1
316,New Jersey,2020-03-05,8.23,8.73,39.79,5.1,2.05,-0.86,2,1
317,New Jersey,2020-03-06,-1.73,0.64,-8.62,-1.36,1.41,1.45,4,2
318,New Jersey,2020-03-07,11.36,9.23,48.84,8.0,5.5,-1.14,4,0
319,New Jersey,2020-03-08,9.73,7.05,115.06,11.45,2.05,-0.62,6,2
320,New Jersey,2020-03-09,9.95,8.55,116.29,2.05,1.41,-0.18,11,5
321,New Jersey,2020-03-10,6.41,9.82,37.1,-0.85,-0.45,0.64,15,4
322,New Jersey,2020-03-11,7.5,11.14,43.3,-3.05,-1.27,0.77,23,8
323,New Jersey,2020-03-12,6.5,24.45,18.95,-7.14,-3.32,2.09,29,6
324,New Jersey,2020-03-13,2.09,27.09,35.8,-11.27,-7.86,4.95,50,21
325,New Jersey,2020-03-14,-2.09,17.36,92.11,-7.6,-1.05,2.95,75,25
326,New Jersey,2020-03-15,-10.18,8.82,79.21,-13.24,-7.14,4.7,98,23
327,New Jersey,2020-03-16,-5.82,21.09,12.42,-22.09,-21.41,10.14,176,78
328,New Jersey,2020-03-17,-25.23,4.05,15.95,-29.1,-32.73,15.23,268,92
329,New Jersey,2020-03-18,-28.59,0.45,48.89,-30.33,-37.18,16.32,427,159
330,New Jersey,2020-03-19,-33.91,-2.64,3.25,-36.41,-40.82,19.36,735,308
331,New Jersey,2020-03-20,-33.05,4.95,52.95,-36.73,-41.73,19.86,896,161
332,New Jersey,2020-03-21,-39.41,-0.32,58.21,-36.62,-28.32,13.14,1336,440
333,New Jersey,2020-03-22,-56.27,-29.55,0.67,-50.57,-36.73,14.0,1914,578
334,New Jersey,2020-03-23,-54.95,-33.09,-52.71,-55.18,-52.73,24.82,2844,930
335,New Jersey,2020-03-24,-44.18,-19.45,42.05,-44.68,-53.18,22.95,3675,831
336,New Jersey,2020-03-25,-50.0,-27.0,-32.71,-51.45,-54.5,25.41,4402,727
337,New Jersey,2020-03-26,-44.27,-19.27,57.44,-46.18,-54.59,24.05,6876,2474
338,New Jersey,2020-03-27,-46.82,-20.91,45.58,-48.86,-53.59,25.5,8825,1949
339,New Jersey,2020-03-28,-57.64,-32.09,-47.0,-58.95,-41.5,18.53,11124,2299
340,New Jersey,2020-03-29,-56.36,-31.91,-31.25,-57.77,-41.86,15.63,13386,2262
341,New Jersey,2020-03-30,-46.23,-24.59,-5.45,-52.27,-55.14,23.91,16636,3250
342,New Jersey,2020-03-31,-46.55,-24.32,-16.1,-53.0,-56.91,25.18,18696,2060
343,New Jersey,2020-04-01,-44.05,-20.36,17.14,-50.55,-57.09,24.86,22255,3559
344,New Jersey,2020-04-02,-48.18,-14.18,11.7,-51.77,-57.86,25.91,25590,3335
345,New Jersey,2020-04-03,-59.77,3.09,-22.05,-50.73,-56.77,28.0,29895,4305
346,New Jersey,2020-04-04,-61.86,0.82,29.58,-46.48,-42.23,17.53,34124,4229
347,New Jersey,2020-04-05,-63.59,-5.68,37.55,-54.5,-42.36,14.84,37505,3381
348,New Jersey,2020-04-06,-55.68,1.09,43.61,-46.77,-57.36,24.0,41090,3585
349,New Jersey,2020-04-07,-54.41,-3.86,37.05,-49.36,-58.86,25.0,44416,3326
350,New Jersey,2020-04-08,-55.41,-4.32,-2.85,-51.36,-59.55,25.64,47437,3021
351,New Jersey,2020-04-09,-58.23,-5.5,-28.05,-55.59,-60.77,27.68,51027,3590
352,New Jersey,2020-04-10,-59.45,-4.5,-39.05,-60.0,-64.86,30.73,54588,3561
353,New Jersey,2020-04-11,-57.95,1.14,-1.8,-51.67,-44.05,17.4,58151,3563
354,New Jersey,2020-04-12,-74.64,-48.18,-15.68,-60.3,-49.77,15.88,61850,3699
355,New Jersey,2020-04-13,-67.41,-37.86,-49.0,-63.62,-61.64,28.45,64584,2734
356,New Jersey,2020-04-14,-54.09,-17.86,-1.53,-51.57,-57.95,25.09,68824,4240
357,New Jersey,2020-04-15,-52.36,-18.45,-9.05,-52.14,-58.32,25.41,71030,2206
358,New Jersey,2020-04-16,-53.77,-17.95,-15.1,-53.38,-58.5,26.0,75317,4287
359,New Jersey,2020-04-17,-56.27,-20.55,-25.5,-56.19,-56.91,27.68,78467,3150
360,New Jersey,2020-04-18,-60.59,-24.14,-37.55,-57.75,-41.27,18.37,81420,2953
361,New Jersey,2020-04-19,-57.91,-24.9,7.11,-54.0,-38.86,14.0,85301,3881
362,New Jersey,2020-04-20,-54.45,-21.82,-9.9,-52.38,-55.77,24.09,88797,3496
363,New Jersey,2020-04-21,-55.82,-23.5,-22.8,-52.9,-56.91,25.73,92387,3590
364,New Jersey,2020-04-22,-52.32,-17.91,-8.57,-49.48,-56.36,24.55,95411,3024
365,New Jersey,2020-04-23,-54.77,-19.5,-14.75,-52.33,-56.64,25.64,99989,4578
366,New Jersey,2020-04-24,-59.27,-25.5,-46.71,-59.29,-56.55,29.05,102196,2207
367,New Jersey,2020-04-25,-52.86,-16.23,37.33,-42.95,-36.5,14.55,105523,3327
368,New Jersey,2020-04-26,-64.18,-31.48,-54.29,-61.8,-41.64,15.74,109038,3515
369,New Jersey,2020-04-27,-53.45,-20.36,-24.55,-51.86,-54.36,24.18,111188,2150
370,New Jersey,2020-04-28,-47.5,-14.32,34.88,-43.38,-54.91,17.23,113856,2668
371,New Jersey,2020-04-29,-50.68,-18.14,-11.85,-46.95,-55.23,24.0,116264,2408
372,New Jersey,2020-04-30,-53.27,-20.73,-32.55,-51.19,-56.14,26.0,118652,2388
373,New Jersey,2020-05-01,-49.09,-14.45,-12.26,-48.71,-53.36,25.59,121190,2538
374,New Jersey,2020-05-02,-44.55,-8.86,128.31,-38.44,-33.0,12.3,123717,2527
375,New Jersey,2020-05-03,-47.41,-14.1,99.69,-42.89,-33.27,11.32,126744,3027
376,New Jersey,2020-05-04,-42.18,-11.91,36.47,-43.1,-51.86,21.23,128269,1525
377,New Jersey,2020-05-05,-41.55,-8.41,35.44,-41.1,-52.32,21.41,130593,2324
378,New Jersey,2020-05-06,-48.91,-16.27,-15.24,-46.14,-52.73,23.68,131890,1297
379,New Jersey,2020-05-07,-42.82,-8.05,70.41,-39.9,-52.32,21.73,133635,1745
380,New Jersey,2020-05-08,-49.18,-11.45,-17.65,-47.81,-51.18,25.0,135454,1819
381,New Jersey,2020-05-09,-45.5,-1.09,17.25,-43.7,-31.73,14.0,137085,1631
382,New Jersey,2020-05-10,-42.5,-7.86,78.41,-40.25,-29.32,9.8,138532,1447
383,New Jersey,2020-05-11,-47.05,-18.14,4.68,-45.95,-50.36,21.86,139945,1413
384,New Jersey,2020-05-12,-42.68,-10.41,45.33,-40.62,-50.23,21.18,140743,798
385,New Jersey,2020-05-13,-40.36,-10.0,61.24,-42.53,-50.05,20.86,141560,817
386,New Jersey,2020-05-14,-40.27,-9.55,69.29,-40.45,-50.73,20.36,142704,1144
387,New Jersey,2020-05-15,-39.86,-8.0,74.76,-41.75,-49.59,21.41,143905,1201
388,New Jersey,2020-05-16,-38.18,-6.36,144.29,-34.42,-28.41,10.71,145089,1184
389,New Jersey,2020-05-17,-40.86,-12.14,101.11,-39.2,-26.73,9.95,146334,1245
390,New Jersey,2020-05-18,-38.27,-11.0,42.89,-42.0,-47.91,19.64,148039,1705
391,New Jersey,2020-05-19,-37.59,-7.82,48.06,-37.81,-48.36,20.23,149037,998
392,New Jersey,2020-05-20,-37.27,-6.77,54.78,-37.4,-48.45,19.91,150399,1362
393,New Jersey,2020-05-21,-34.59,-2.95,90.44,-36.16,-48.55,19.55,151472,1073
394,New Jersey,2020-05-22,-39.55,-5.23,39.95,-37.71,-47.59,21.64,152719,1247
395,New Jersey,2020-05-23,-43.09,-9.68,22.63,-41.79,-26.45,13.14,153104,385
396,New Jersey,2020-05-24,-35.73,-4.14,126.59,-35.21,-24.32,7.55,154154,1050
397,New Jersey,2020-05-25,-38.09,-11.86,152.81,-50.68,-74.5,24.41,155092,938
398,New Jersey,2020-05-26,-34.55,-6.55,93.56,-35.47,-46.32,18.0,155764,672
399,New Jersey,2020-05-27,-34.59,-6.82,84.0,-34.68,-46.0,18.36,156628,864
400,New Jersey,2020-05-28,-37.77,-6.5,41.33,-36.5,-46.41,19.91,157815,1187
401,New Jersey,2020-05-29,-38.68,-7.32,49.95,-35.14,-44.86,20.82,158844,1029
402,New York,2020-03-01,19.15,10.85,15.11,5.74,5.03,-1.26,1,1
403,New York,2020-03-02,10.03,8.39,20.6,3.12,4.66,-0.47,1,0
404,New York,2020-03-03,10.76,8.97,11.96,4.06,3.65,-0.54,2,1
405,New York,2020-03-04,8.48,6.03,13.0,2.5,3.06,-0.22,11,9
406,New York,2020-03-05,11.39,9.21,32.3,5.32,3.87,-1.07,22,11
407,New York,2020-03-06,1.89,0.27,1.84,3.86,2.84,0.51,44,22
408,New York,2020-03-07,15.24,7.5,38.44,11.5,4.61,-1.32,89,45
409,New York,2020-03-08,19.24,12.03,89.58,12.0,4.08,-1.38,106,17
410,New York,2020-03-09,12.56,11.74,92.85,4.58,2.65,-0.61,142,36
411,New York,2020-03-10,4.19,4.68,10.56,0.31,0.87,0.83,173,31
412,New York,2020-03-11,6.66,10.05,24.88,-0.84,0.63,0.41,217,44
413,New York,2020-03-12,9.68,26.08,19.17,-1.36,0.11,0.51,326,109
414,New York,2020-03-13,1.34,26.76,10.71,-9.11,-4.19,3.32,421,95
415,New York,2020-03-14,1.74,27.56,42.04,-8.73,0.11,2.53,610,189
416,New York,2020-03-15,-0.26,25.48,52.85,-12.88,-3.0,2.94,732,122
417,New York,2020-03-16,-0.05,37.32,19.59,-17.55,-15.31,6.67,950,218
418,New York,2020-03-17,-22.92,17.21,-0.5,-22.97,-24.48,11.32,1375,425
419,New York,2020-03-18,-25.5,13.47,47.09,-24.47,-29.39,12.56,2387,1012
420,New York,2020-03-19,-29.84,9.24,11.35,-30.29,-32.45,14.55,4161,1774
421,New York,2020-03-20,-33.4,10.56,16.0,-35.54,-35.66,17.21,7113,2952
422,New York,2020-03-21,-38.9,2.69,46.04,-35.35,-23.73,11.55,10371,3258
423,New York,2020-03-22,-42.31,-9.81,26.74,-46.59,-28.06,10.77,15188,4817
424,New York,2020-03-23,-53.42,-27.21,-48.73,-49.57,-47.0,21.04,20899,5711
425,New York,2020-03-24,-44.94,-15.18,4.36,-43.74,-47.81,20.54,25704,4805
426,New York,2020-03-25,-44.9,-16.26,-10.28,-45.17,-48.06,20.89,33117,7413
427,New York,2020-03-26,-40.16,-11.13,55.05,-43.3,-47.73,19.82,39058,5941
428,New York,2020-03-27,-43.81,-15.06,42.36,-48.58,-47.65,22.04,44746,5688
429,New York,2020-03-28,-50.52,-21.15,-17.83,-55.62,-34.18,15.74,53517,8771
430,New York,2020-03-29,-48.66,-22.05,-25.03,-58.79,-34.73,13.61,59783,6266
431,New York,2020-03-30,-43.32,-17.79,-18.77,-50.41,-48.68,20.7,67504,7721
432,New York,2020-03-31,-42.03,-16.26,-3.74,-46.97,-50.24,21.06,76211,8707
433,New York,2020-04-01,-37.76,-8.66,34.59,-45.64,-50.13,20.42,84364,8153
434,New York,2020-04-02,-41.02,-10.79,13.92,-48.78,-50.52,21.49,93360,8996
435,New York,2020-04-03,-45.98,-12.74,-26.38,-54.76,-50.77,24.65,103726,10366
436,New York,2020-04-04,-46.37,-12.71,57.55,-52.97,-35.47,14.59,115963,12237
437,New York,2020-04-05,-44.63,-15.1,30.23,-56.75,-35.66,12.79,124085,8122
438,New York,2020-04-06,-40.71,-10.89,54.0,-48.67,-49.81,19.56,135480,11395
439,New York,2020-04-07,-47.75,0.85,45.45,-45.0,-51.27,20.37,141703,6223
440,New York,2020-04-08,-50.86,-0.61,8.74,-47.2,-51.55,21.44,151271,9568
441,New York,2020-04-09,-53.08,-1.89,-23.59,-51.67,-52.39,23.21,162036,10765
442,New York,2020-04-10,-55.44,-2.26,-26.81,-57.56,-56.42,26.86,172830,10794
443,New York,2020-04-11,-50.31,12.74,40.96,-51.41,-36.55,15.0,182990,10160
444,New York,2020-04-12,-71.33,-46.38,26.31,-58.34,-41.45,13.41,191425,8435
445,New York,2020-04-13,-57.52,-25.51,-37.65,-57.66,-51.26,22.81,197973,6548
446,New York,2020-04-14,-47.96,-11.75,22.76,-47.29,-49.74,20.75,205375,7402
447,New York,2020-04-15,-43.62,-10.04,8.62,-47.89,-49.68,21.0,217130,11755
448,New York,2020-04-16,-46.73,-10.81,-3.58,-51.38,-49.81,21.53,225761,8631
449,New York,2020-04-17,-51.42,-15.63,-11.13,-55.68,-49.39,23.98,233293,7532
450,New York,2020-04-18,-53.65,-16.87,-5.42,-55.61,-34.39,15.48,240542,7249
451,New York,2020-04-19,-48.06,-18.65,51.09,-54.38,-32.45,11.82,246741,6199
452,New York,2020-04-20,-45.19,-12.87,25.5,-48.44,-47.58,19.09,251608,4867
453,New York,2020-04-21,-49.71,-16.04,-20.64,-51.15,-49.1,21.67,255932,4324
454,New York,2020-04-22,-48.9,-13.23,-3.5,-48.0,-48.81,21.29,261591,5659
455,New York,2020-04-23,-47.24,-11.4,0.96,-48.51,-48.4,20.8,267932,6341
456,New York,2020-04-24,-49.88,-15.43,-12.73,-54.19,-48.48,23.23,276218,8286
457,New York,2020-04-25,-44.37,-6.09,103.56,-41.09,-30.77,11.41,286901,10683
458,New York,2020-04-26,-51.78,-20.98,-39.48,-60.09,-34.42,13.44,292914,6013
459,New York,2020-04-27,-45.0,-11.75,-9.28,-48.94,-46.32,19.76,296991,4077
460,New York,2020-04-28,-40.08,-6.1,73.79,-41.43,-46.94,12.93,300276,3285
461,New York,2020-04-29,-41.68,-8.52,9.41,-45.17,-46.97,19.31,304994,4718
462,New York,2020-04-30,-43.33,-9.98,-22.42,-49.09,-47.35,20.85,309696,4702
463,New York,2020-05-01,-41.4,-5.43,6.04,-47.81,-46.29,21.05,313575,3879
464,New York,2020-05-02,-36.98,0.29,120.5,-35.12,-28.26,10.18,318134,4559
465,New York,2020-05-03,-30.73,-0.32,142.63,-39.78,-26.18,7.77,321833,3699
466,New York,2020-05-04,-37.52,-5.25,18.52,-45.11,-44.29,17.71,324357,2524
467,New York,2020-05-05,-33.12,2.29,52.48,-38.91,-44.48,17.2,326659,2302
468,New York,2020-05-06,-39.12,-4.84,6.77,-43.69,-44.76,18.56,329405,2746
469,New York,2020-05-07,-36.06,0.87,62.48,-39.71,-44.34,17.58,332931,3526
470,New York,2020-05-08,-42.4,-3.5,-0.5,-45.49,-44.21,20.51,335804,2873
471,New York,2020-05-09,-41.54,6.11,3.44,-44.97,-27.71,12.81,338519,2715
472,New York,2020-05-10,-35.15,2.18,54.35,-41.44,-23.85,7.97,340657,2138
473,New York,2020-05-11,-43.0,-11.92,-4.08,-44.03,-42.44,18.27,342267,1610
474,New York,2020-05-12,-37.1,-3.65,40.24,-37.78,-42.45,17.33,343705,1438
475,New York,2020-05-13,-34.22,-1.83,69.8,-35.32,-42.27,16.57,345828,2123
476,New York,2020-05-14,-32.67,-1.7,61.45,-37.94,-42.6,16.16,348192,2364
477,New York,2020-05-15,-37.92,-5.86,43.12,-41.64,-42.82,18.91,350951,2759
478,New York,2020-05-16,-30.03,3.6,126.0,-29.56,-23.65,8.03,353136,2185
479,New York,2020-05-17,-25.53,-1.75,106.11,-37.19,-21.35,7.45,355037,1901
480,New York,2020-05-18,-30.35,-2.32,31.61,-40.35,-40.02,15.87,356278,1241
481,New York,2020-05-19,-25.55,2.42,58.56,-33.74,-39.87,14.84,357757,1479
482,New York,2020-05-20,-24.18,5.21,85.8,-31.0,-40.37,14.36,359235,1478
483,New York,2020-05-21,-22.19,9.58,95.06,-28.52,-40.73,13.84,361313,2078
484,New York,2020-05-22,-28.53,7.54,70.56,-32.46,-42.4,15.49,362991,1678
485,New York,2020-05-23,-28.61,8.78,41.06,-33.56,-22.4,8.5,364745,1754
486,New York,2020-05-24,-18.68,10.73,161.06,-31.65,-21.5,3.94,366346,1601
487,New York,2020-05-25,-29.62,0.39,127.75,-42.0,-71.11,19.71,367625,1279
488,New York,2020-05-26,-24.79,4.04,85.5,-29.12,-39.03,13.3,368669,1044
489,New York,2020-05-27,-23.48,6.45,87.68,-31.06,-38.31,13.58,369801,1132
490,New York,2020-05-28,-26.29,4.95,47.19,-32.15,-37.94,14.57,371559,1758
491,New York,2020-05-29,-34.2,-3.09,37.3,-37.09,-38.11,16.86,373108,1549
